Mth	Year	Gaps	Good	Minimum	Maximum	Mean	St Devn
1	1957	744	0				
2	1957	672	0				
3	1957	744	0				
4	1957	720	0				
5	1957	744	0				
6	1957	720	0				
7	1957	744	0				
8	1957	744	0				
9	1957	720	0				
10	1957	744	0				
11	1957	335	385	0.21	1.95	1.06	0.42
12	1957	0	744	0.15	1.98	1.008	0.409
1	1958	25	719	0	1.86	0.956	0.416
2	1958	647	25	0.79	1.77	1.209	0.298
3	1958	370	374	0.3	2.1	1.188	0.451
4	1958	720	0				
5	1958	744	0				
6	1958	720	0				
7	1958	744	0				
8	1958	744	0				
9	1958	720	0				
10	1958	744	0				
11	1958	720	0				
12	1958	744	0				
1	1959	744	0				
2	1959	672	0				
3	1959	744	0				
4	1959	720	0				
5	1959	744	0				
6	1959	720	0				
7	1959	744	0				
8	1959	744	0				
9	1959	720	0				
10	1959	744	0				
11	1959	720	0				
12	1959	744	0				
1	1960	744	0				
2	1960	696	0				
3	1960	744	0				
4	1960	720	0				
5	1960	744	0				
6	1960	720	0				
7	1960	744	0				
8	1960	744	0				
9	1960	720	0				
10	1960	744	0				
11	1960	720	0				
12	1960	744	0				
1	1961	744	0				
2	1961	672	0				
3	1961	744	0				
4	1961	720	0				
5	1961	744	0				
6	1961	720	0				
7	1961	744	0				
8	1961	744	0				
9	1961	720	0				
10	1961	744	0				
11	1961	720	0				
12	1961	744	0				
1	1962	744	0				
2	1962	672	0				
3	1962	744	0				
4	1962	720	0				
5	1962	744	0				
6	1962	720	0				
7	1962	744	0				
8	1962	744	0				
9	1962	720	0				
10	1962	744	0				
11	1962	720	0				
12	1962	744	0				
1	1963	744	0				
2	1963	672	0				
3	1963	744	0				
4	1963	720	0				
5	1963	744	0				
6	1963	720	0				
7	1963	744	0				
8	1963	744	0				
9	1963	720	0				
10	1963	744	0				
11	1963	720	0				
12	1963	744	0				
1	1964	744	0				
2	1964	696	0				
3	1964	744	0				
4	1964	720	0				
5	1964	744	0				
6	1964	720	0				
7	1964	744	0				
8	1964	744	0				
9	1964	720	0				
10	1964	744	0				
11	1964	720	0				
12	1964	744	0				
1	1965	744	0				
2	1965	672	0				
3	1965	744	0				
4	1965	720	0				
5	1965	744	0				
6	1965	720	0				
7	1965	744	0				
8	1965	744	0				
9	1965	720	0				
10	1965	744	0				
11	1965	720	0				
12	1965	744	0				
1	1966	0	744	-0.06	1.89	0.91	0.397
2	1966	0	672	0.03	2.04	1.055	0.414
3	1966	0	744	0.03	1.92	1.038	0.394
4	1966	0	720	0.21	1.95	1.077	0.397
5	1966	0	744	0.24	2.07	1.041	0.39
6	1966	0	720	0.18	1.89	0.986	0.403
7	1966	0	744	0.06	2.07	0.965	0.402
8	1966	0	744	-0.03	1.89	0.883	0.398
9	1966	0	720	-0.06	1.89	0.925	0.397
10	1966	0	744	-0.03	1.68	0.888	0.394
11	1966	0	720	0.15	1.86	0.917	0.392
12	1966	0	744	0	1.83	0.891	0.404
1	1967	696	48	0.24	1.8	1.075	0.456
2	1967	0	672	-0.09	1.95	0.883	0.409
3	1967	0	744	0.12	1.92	0.943	0.391
4	1967	0	720	0.15	2.01	0.97	0.391
5	1967	0	744	0.24	2.07	0.976	0.381
6	1967	0	720	0.18	1.98	1	0.385
7	1967	0	744	0.21	1.83	0.984	0.386
8	1967	0	744	0.21	1.89	1.003	0.374
9	1967	0	720	0.12	1.92	0.984	0.386
10	1967	0	744	0.09	1.8	0.926	0.401
11	1967	0	720	0.12	2.01	0.991	0.404
12	1967	0	744	0.09	2.01	0.962	0.407
1	1968	0	744	0.24	2.01	1.027	0.379
2	1968	0	696	0.03	2.07	0.976	0.396
3	1968	0	744	0.21	1.8	1.013	0.367
4	1968	0	720	0.27	1.95	1.082	0.364
5	1968	0	744	0.24	2.19	1.146	0.373
6	1968	0	720	0.15	1.95	1.049	0.38
7	1968	0	744	0.06	1.89	0.957	0.388
8	1968	0	744	0.24	2.01	1.027	0.376
9	1968	0	720	0.12	1.83	0.941	0.386
10	1968	0	744	0.12	1.92	0.955	0.384
11	1968	0	720	0.09	2.1	0.98	0.389
12	1968	0	744	0	1.92	0.956	0.386
1	1969	0	744	0.12	2.04	0.984	0.387
2	1969	0	672	-0.03	1.74	0.84	0.391
3	1969	0	744	0.03	1.89	0.896	0.381
4	1969	0	720	0.27	1.83	1.029	0.371
5	1969	0	744	0.18	2.07	0.987	0.388
6	1969	0	720	0.24	2.13	1.089	0.389
7	1969	0	744	0.06	2.04	0.947	0.404
8	1969	0	744	-0.06	1.8	0.911	0.384
9	1969	0	720	0.18	1.77	0.961	0.378
10	1969	0	744	0.21	1.68	0.88	0.368
11	1969	0	720	0.15	1.8	0.922	0.372
12	1969	0	744	0.15	2.01	1.019	0.375
1	1970	0	744	-0.03	1.92	0.988	0.38
2	1970	0	672	-0.12	1.86	0.891	0.39
3	1970	0	744	0.21	1.95	0.987	0.371
4	1970	62	658	0.21	1.83	0.995	0.38
5	1970	0	744	0.27	2.13	1.011	0.392
6	1970	0	720	0.03	1.83	0.953	0.383
7	1970	0	744	-0.06	1.77	0.904	0.392
8	1970	0	744	-0.06	1.83	0.853	0.393
9	1970	0	720	0	1.8	0.912	0.386
10	1970	0	744	0.12	1.83	0.943	0.37
11	1970	0	720	0.15	1.83	0.9	0.381
12	1970	0	744	0.18	1.98	0.965	0.387
1	1971	0	744	0.09	1.95	1.051	0.398
2	1971	0	672	0.03	1.92	1.025	0.368
3	1971	0	744	0.09	1.71	0.892	0.377
4	1971	0	720	0.21	1.92	0.988	0.372
5	1971	0	744	0.24	1.92	1.043	0.368
6	1971	0	720	0.24	1.92	1.02	0.364
7	1971	0	744	0.15	1.89	0.967	0.382
8	1971	0	744	0.09	1.77	0.929	0.377
9	1971	0	720	-0.03	1.74	0.935	0.388
10	1971	0	744	0.21	1.83	1.016	0.38
11	1971	0	720	0	1.89	0.989	0.397
12	1971	0	744	0.21	2.1	1.021	0.382
1	1972	0	744	0.34	1.98	1.085	0.386
2	1972	0	696	0.24	1.86	0.998	0.376
3	1972	0	744	0.34	1.95	1.114	0.369
4	1972	0	720	0.24	1.95	1.072	0.366
5	1972	0	744	0.1	2	0.959	0.384
6	1972	0	720	0.2	2	0.919	0.382
7	1972	0	744	0.2	2	1.007	0.393
8	1972	0	744	0.1	1.9	0.933	0.398
9	1972	0	720	0.1	1.8	0.871	0.394
10	1972	0	744	0.1	1.9	0.92	0.385
11	1972	0	720	0.1	2	0.952	0.391
12	1972	0	744	0	2	0.993	0.39
1	1973	0	744	0.1	1.9	0.936	0.388
2	1973	0	672	0	1.8	0.925	0.383
3	1973	0	744	0.2	1.7	0.959	0.375
4	1973	0	720	0.3	1.9	1.033	0.379
5	1973	0	744	0.2	2	1.034	0.394
6	1973	0	720	0	2	1	0.411
7	1973	0	744	-0.1	2	0.935	0.413
8	1973	0	744	0.1	1.9	1.008	0.4
9	1973	0	720	0.2	1.7	0.953	0.378
10	1973	0	744	0.2	1.8	0.938	0.386
11	1973	0	720	0.2	2	0.972	0.385
12	1973	0	744	0	2	0.973	0.392
1	1974	0	744	0.2	2.1	0.983	0.383
2	1974	0	672	0.1	2.1	0.969	0.4
3	1974	0	744	0.1	1.8	0.938	0.391
4	1974	0	720	0.2	1.9	1.035	0.391
5	1974	0	744	0.2	2.3	1.093	0.421
6	1974	0	720	0.2	2.1	1.14	0.416
7	1974	0	744	0.1	2.2	1.083	0.39
8	1974	0	744	0.2	2.1	0.999	0.403
9	1974	0	720	0	1.8	0.951	0.394
10	1974	0	744	0.1	1.9	0.936	0.395
11	1974	0	720	0.2	2	0.994	0.398
12	1974	0	744	0.2	2	1.015	0.408
1	1975	0	744	-0.1	2	0.945	0.409
2	1975	0	672	0.1	1.9	0.905	0.39
3	1975	0	744	0.2	2	0.987	0.39
4	1975	0	720	0.2	1.8	1.012	0.38
5	1975	0	744	0.4	2	1.046	0.383
6	1975	0	720	0.3	2.1	1.058	0.391
7	1975	0	744	0.2	1.9	1.012	0.386
8	1975	0	744	0	1.8	0.997	0.39
9	1975	0	720	0	1.9	0.939	0.398
10	1975	0	744	0.1	1.8	0.955	0.401
11	1975	0	720	0.2	1.9	1.006	0.403
12	1975	0	744	0.2	1.9	0.955	0.405
1	1976	0	744	0.05	1.89	1.017	0.421
2	1976	0	696	0.06	1.9	0.973	0.391
3	1976	0	744	0.14	1.95	1.079	0.406
4	1976	0	720	0.2	1.95	1.076	0.392
5	1976	0	744	0.11	1.88	1.02	0.391
6	1976	0	720	0.22	1.96	1.028	0.405
7	1976	0	744	0.16	2	1.028	0.411
8	1976	0	744	0.07	2.02	1.042	0.42
9	1976	0	720	0.08	1.9	1.001	0.415
10	1976	0	744	0.07	1.95	1.019	0.413
11	1976	0	720	0.18	2.09	1.034	0.406
12	1976	0	744	0.16	2.06	1.047	0.403
1	1977	0	744	0.2	2	0.981	0.389
2	1977	0	672	0.1	1.8	0.94	0.39
3	1977	67	677	0.4	1.9	1.091	0.362
4	1977	0	720	0.3	1.9	1.069	0.386
5	1977	0	744	0.1	2	1.062	0.402
6	1977	0	720	0.3	2.1	1.061	0.398
7	1977	0	744	0.1	2	0.958	0.406
8	1977	0	744	0	1.7	0.874	0.396
9	1977	0	720	0.1	1.7	0.895	0.386
10	1977	0	744	0.1	1.8	0.907	0.394
11	1977	241	479	0.1	1.9	0.908	0.4
12	1977	144	600	-0.1	1.9	0.973	0.413
1	1978	0	744	0.1	2	0.954	0.401
2	1978	0	672	0.2	2	1.001	0.392
3	1978	0	744	0.2	1.9	1.079	0.39
4	1978	0	720	0.5	2	1.215	0.37
5	1978	0	744	0.2	1.9	1.043	0.382
6	1978	0	720	0.34	2.09	1.149	0.383
7	1978	0	744	0.21	2.13	1.086	0.385
8	1978	0	744	0.19	1.96	0.97	0.383
9	1978	0	720	0.18	1.79	0.934	0.381
10	1978	0	744	0.22	1.78	0.918	0.384
11	1978	0	720	0.12	1.8	0.92	0.394
12	1978	0	744	0.14	1.96	0.985	0.399
1	1979	0	744	0.01	1.96	0.895	0.422
2	1979	0	672	-0.14	1.84	0.904	0.415
3	1979	0	744	0.01	1.98	0.992	0.414
4	1979	0	720	0.33	1.91	1.042	0.394
5	1979	0	744	0.16	2.07	1.093	0.404
6	1979	0	720	0.18	1.9	0.992	0.401
7	1979	0	744	0.1	1.96	0.94	0.409
8	1979	0	744	0.07	1.95	0.927	0.41
9	1979	0	720	-0.01	1.86	0.873	0.414
10	1979	0	744	-0.06	1.76	0.925	0.406
11	1979	0	720	0.08	1.83	0.926	0.408
12	1979	0	744	0.3	2.03	1.042	0.412
1	1980	0	744	0.23	2.02	1.031	0.409
2	1980	0	696	0.1	1.96	1.02	0.406
3	1980	0	744	0.1	1.84	0.953	0.404
4	1980	0	720	0.04	1.8	0.985	0.406
5	1980	0	744	0.22	1.86	0.998	0.391
6	1980	0	720	0.25	1.96	1.025	0.395
7	1980	0	744	0.01	1.99	0.973	0.419
8	1980	0	744	0.11	1.87	0.93	0.412
9	1980	0	720	0.1	1.89	1.017	0.413
10	1980	0	744	0.05	1.88	0.951	0.407
11	1980	0	720	0.12	1.98	0.972	0.405
12	1980	0	744	0.08	1.92	0.935	0.398
1	1981	0	744	0.11	1.88	0.961	0.403
2	1981	0	672	0.25	1.97	1.057	0.411
3	1981	0	744	0.17	1.86	0.983	0.394
4	1981	0	720	0.27	1.91	1.053	0.391
5	1981	0	744	0.29	2.1	1.034	0.413
6	1981	0	720	0.27	2.06	1.103	0.404
7	1981	0	744	0.19	2.09	1.022	0.422
8	1981	0	744	0.14	1.82	0.96	0.399
9	1981	0	720	0.01	1.82	0.886	0.401
10	1981	0	744	0.12	1.79	0.947	0.391
11	1981	0	720	0.16	2.08	0.965	0.398
12	1981	0	744	0.1	2.08	1.021	0.403
1	1982	0	744	0.02	1.95	0.953	0.401
2	1982	0	672	-0.02	1.83	0.927	0.406
3	1982	0	744	0.15	1.88	0.974	0.389
4	1982	0	720	0.21	1.91	0.983	0.391
5	1982	0	744	0.21	2.05	1.032	0.397
6	1982	0	720	0.19	2.1	1.04	0.404
7	1982	0	744	0.02	1.94	0.951	0.386
8	1982	0	744	-0.14	1.71	0.815	0.397
9	1982	0	720	-0.05	1.71	0.896	0.4
10	1982	0	744	0.21	1.84	0.996	0.406
11	1982	0	720	0	1.86	0.891	0.41
12	1982	0	744	-0.01	1.97	0.947	0.416
1	1983	0	744	-0.03	1.97	0.94	0.419
2	1983	0	672	0.04	1.92	0.917	0.39
3	1983	0	744	0.04	1.77	0.876	0.402
4	1983	0	720	0.3	1.91	1.054	0.39
5	1983	0	744	0.2	1.84	0.985	0.383
6	1983	0	720	0.14	1.98	0.954	0.396
7	1983	0	744	-0.01	1.92	0.919	0.399
8	1983	0	744	-0.03	1.92	0.859	0.395
9	1983	0	720	0.01	2.02	0.945	0.397
10	1983	0	744	0.09	1.89	0.932	0.408
11	1983	0	720	0.02	1.81	0.894	0.407
12	1983	0	744	0.04	1.87	0.887	0.403
1	1984	0	744	-0.08	1.8	0.896	0.369
2	1984	0	696	0.23	2.11	1.069	0.381
3	1984	0	744	0.06	1.99	1.024	0.376
4	1984	0	720	0.09	1.7	0.953	0.369
5	1984	0	744	0.21	1.78	0.958	0.37
6	1984	0	720	0.22	2.01	0.955	0.381
7	1984	26	718	0.11	2.01	0.87	0.409
8	1984	0	744	0	1.82	0.896	0.393
9	1984	0	720	-0.02	1.7	0.851	0.373
10	1984	0	744	-0.01	1.72	0.865	0.379
11	1984	0	720	0.17	1.89	0.928	0.366
12	1984	1	743	0.36	1.96	1.068	0.369
1	1985	0	744	0.28	1.95	0.999	0.384
2	1985	0	672	0.04	1.88	0.903	0.4
3	1985	0	744	0.17	2.01	0.925	0.387
4	1985	0	720	0.14	1.84	1.004	0.394
5	1985	0	744	0.24	1.99	1.035	0.393
6	1985	0	720	0.26	2.1	1.044	0.392
7	1985	0	744	0.14	1.93	0.986	0.399
8	1985	0	744	0.06	1.81	0.9	0.39
9	1985	0	720	0.12	1.9	0.985	0.394
10	1985	0	744	0.11	1.91	0.934	0.381
11	1985	25	695	0.13	1.98	0.977	0.389
12	1985	0	744	0.2	2.05	0.996	0.4
1	1986	52	692	0.12	2.14	1.033	0.418
2	1986	0	672	0.08	2.02	1.025	0.408
3	1986	0	744	0.17	1.93	0.986	0.407
4	1986	14	706	0.28	2.13	1.033	0.405
5	1986	0	744	0.15	2.01	0.98	0.398
6	1986	0	720	0.23	2.16	1.061	0.407
7	1986	65	679	0.09	1.96	0.952	0.407
8	1986	0	744	0.1	1.94	0.99	0.4
9	1986	0	720	0.17	1.85	0.94	0.399
10	1986	0	744	0.17	1.8	0.967	0.407
11	1986	0	720	0.08	1.96	0.952	0.415
12	1986	19	725	-0.05	1.91	0.922	0.428
1	1987	0	744	-0.08	2.01	0.947	0.428
2	1987	0	672	0.09	1.9	0.907	0.403
3	1987	0	744	0.12	1.82	0.969	0.411
4	1987	9	711	0.16	1.8	0.918	0.396
5	1987	17	727	0.2	1.9	0.971	0.396
6	1987	0	720	0.09	2	0.972	0.405
7	1987	0	744	0.09	2.1	0.963	0.412
8	1987	0	744	-0.04	1.98	0.958	0.409
9	1987	0	720	0.06	1.95	0.906	0.41
10	1987	0	744	0.13	1.9	0.958	0.41
11	1987	0	720	0.11	2.05	0.969	0.421
12	1987	25	719	0.1	2	0.947	0.411
1	1988	0	744	0.14	2.05	0.914	0.406
2	1988	0	696	0.1	2.02	1.019	0.399
3	1988	0	744	0.06	1.9	0.924	0.401
4	1988	31	689	0.21	1.95	1.026	0.386
5	1988	0	744	0.35	1.99	1.078	0.389
6	1988	0	720	0.18	2.11	1.084	0.407
7	1988	0	744	0.15	2.1	1.032	0.417
8	1988	0	744	0.04	2.02	0.998	0.426
9	1988	72	648	0.1	1.95	0.999	0.421
10	1988	0	744	0.15	1.96	1.073	0.402
11	1988	0	720	0.17	1.96	0.987	0.401
12	1988	0	744	0.15	1.95	0.956	0.399
1	1989	0	744	0.25	2.02	1.011	0.393
2	1989	0	672	0.17	2.01	0.996	0.404
3	1989	0	744	0.07	1.82	0.97	0.39
4	1989	18	702	0.08	1.9	1.035	0.386
5	1989	69	675	0.35	2.12	1.107	0.384
6	1989	122	598	0.2	2.05	1.145	0.404
7	1989	0	744	0.28	1.97	1.079	0.403
8	1989	0	744	0.07	1.9	1.037	0.407
9	1989	0	720	0.25	1.96	1.027	0.401
10	1989	0	744	0.2	2.05	1.063	0.403
11	1989	0	720	0.05	1.95	0.944	0.405
12	1989	0	744	0.16	2.1	0.974	0.407
1	1990	0	744	0	1.85	0.951	0.41
2	1990	483	189	0.31	1.99	1.193	0.381
3	1990	23	721	0.08	1.9	0.99	0.397
4	1990	0	720	0.34	2.35	1.098	0.401
5	1990	0	744	0.15	2.17	1.125	0.385
6	1990	0	720	0.2	2.09	1.101	0.386
7	1990	0	744	0.1	1.92	0.98	0.396
8	1990	0	744	0.26	1.95	1.11	0.386
9	1990	62	658	0.09	1.89	0.919	0.403
10	1990	0	744	0.18	1.94	0.959	0.403
11	1990	96	624	0.05	1.96	0.961	0.419
12	1990	0	744	0.08	2.12	1.009	0.417
1	1991	0	744	0.04	2.11	0.969	0.425
2	1991	0	672	0.2	2.03	1.023	0.395
3	1991	0	744	0.28	1.89	1.05	0.403
4	1991	0	720	0.27	2	1.048	0.398
5	1991	0	744	0.13	1.99	0.977	0.405
6	1991	0	720	0.02	2.04	0.98	0.41
7	1991	0	744	0.17	2.2	1.085	0.418
8	1991	0	744	0.03	2.1	0.982	0.413
9	1991	0	720	0.02	1.79	0.947	0.415
10	1991	0	744	0.05	1.88	0.879	0.4
11	1991	0	720	0.03	1.92	0.909	0.427
12	1991	0	744	0.07	2.1	0.97	0.412
1	1992	52	692	-0.068	2.016	0.964	0.412
2	1992	87	609	0.154	2.009	1.033	0.397
3	1992	118	626	0.173	1.962	0.945	0.384
4	1992	68	652	0.245	1.909	1.028	0.388
5	1992	0	744	0.235	1.904	1.017	0.405
6	1992	0	720	0.126	2.011	1.098	0.413
7	1992	0	744	0.05	2.152	1.062	0.434
8	1992	0	744	0.046	2.034	1.019	0.425
9	1992	0	720	0.113	1.947	0.993	0.413
10	1992	44	700	0.17	1.863	0.946	0.413
11	1992	28	692	0.232	2.051	1.005	0.413
12	1992	0	744	0.048	1.873	0.945	0.408
1	1993	0	744	0.012	1.943	0.897	0.411
2	1993	0	672	-0.108	1.887	0.897	0.415
3	1993	0	744	0.006	1.871	0.965	0.4
4	1993	0	720	0.204	2.061	0.97	0.411
5	1993	0	744	0.201	1.987	0.968	0.411
6	1993	0	720	0.179	2.023	1.017	0.416
7	1993	0	744	0.053	1.909	0.977	0.415
8	1993	0	744	0.096	1.992	0.963	0.414
9	1993	0	720	0.026	1.827	0.887	0.41
10	1993	0	744	0.045	1.948	0.947	0.411
11	1993	45	675	0.017	1.953	0.925	0.425
12	1993	14	730	0.009	1.931	0.949	0.432
1	1994	74	670	0.073	2.043	1.07	0.428
2	1994	65	607	0.089	1.908	0.923	0.41
3	1994	0	744	0.015	1.815	0.967	0.429
4	1994	0	720	0.02	1.928	1.001	0.413
5	1994	0	744	0.229	2.103	1.026	0.405
6	1994	0	720	0.124	2.01	0.988	0.408
7	1994	0	744	0.158	1.918	0.961	0.408
8	1994	0	744	0.081	1.854	0.918	0.411
9	1994	0	720	0.109	1.783	0.955	0.416
10	1994	0	744	0.071	1.926	0.899	0.426
11	1994	0	720	0.1	2.108	0.962	0.429
12	1994	0	744	-0.121	2.009	0.886	0.438
1	1995	0	744	0.051	2.068	0.904	0.433
2	1995	0	672	0.03	1.826	0.899	0.408
3	1995	0	744	0.257	1.888	1.048	0.404
4	1995	0	720	0.135	1.892	1.059	0.417
5	1995	0	744	0.12	2.042	1.017	0.41
6	1995	0	720	0.18	2.166	0.997	0.423
7	1995	0	744	0.158	2.176	0.996	0.417
8	1995	0	744	-0.102	1.921	0.887	0.425
9	1995	0	720	0.096	1.92	0.92	0.428
10	1995	0	744	0.049	1.79	0.914	0.414
11	1995	0	720	0.071	2.039	0.951	0.425
12	1995	0	744	0.137	2.131	1.02	0.41
1	1996	0	744	0.029	1.999	0.981	0.403
2	1996	0	696	0.158	1.968	1.025	0.407
3	1996	0	744	0.167	1.955	0.943	0.401
4	1996	0	720	0.273	1.934	1.042	0.404
5	1996	0	744	0.141	1.874	1.003	0.406
6	1996	0	720	0.175	2.026	1.06	0.423
7	1996	0	744	0.119	2.094	1.062	0.434
8	1996	0	744	0.006	1.983	0.988	0.429
9	1996	0	720	0.114	1.895	1.043	0.412
10	1996	0	744	0.065	1.751	0.901	0.406
11	1996	0	720	0.235	2.066	1.021	0.41
12	1996	0	744	0.165	1.957	0.96	0.408
1	1997	85	659	-0.007	2.015	0.897	0.411
2	1997	0	672	-0.028	1.943	0.946	0.412
3	1997	0	744	0.091	1.873	1	0.392
4	1997	0	720	0.24	2.065	0.996	0.414
5	1997	70	674	0.203	2.145	1.061	0.421
6	1997	0	720	0.1	1.884	0.985	0.418
7	1997	0	744	0.048	1.923	0.938	0.413
8	1997	0	744	0.07	2.006	0.975	0.422
9	1997	0	720	-0.059	1.836	0.894	0.423
10	1997	0	744	0.096	2.002	0.937	0.424
11	1997	0	720	0.095	1.864	0.903	0.418
12	1997	64	680	0.108	1.874	0.934	0.427
1	1998	0	744	-0.03	1.945	0.848	0.432
2	1998	63	609	0.07	1.87	0.97	0.416
3	1998	0	744	0.241	1.981	1.044	0.425
4	1998	0	720	0.218	2.022	1.072	0.41
5	1998	0	744	0.26	2.205	1.102	0.407
6	1998	0	720	0.271	2.165	1.084	0.408
7	1998	0	744	0.245	1.986	1.036	0.395
8	1998	0	744	0.193	2.189	1.014	0.397
9	1998	0	720	0.082	1.847	0.972	0.404
10	1998	0	744	0.162	2.015	1.114	0.413
11	1998	0	720	0.057	1.907	0.962	0.421
12	1998	10	734	0.168	2.08	1.063	0.429
1	1999	63	681	0.151	1.951	1.008	0.414
2	1999	0	672	0.046	1.892	0.969	0.408
3	1999	0	744	0.174	1.833	1.012	0.409
4	1999	0	720	0.268	1.987	1.106	0.405
5	1999	0	744	0.284	2.111	1.055	0.406
6	1999	0	720	0.334	2.216	1.059	0.405
7	1999	0	744	0.197	2.141	1.063	0.41
8	1999	34	710	0.085	1.933	0.953	0.412
9	1999	0	720	0.141	1.8	0.959	0.412
10	1999	123	621	0.246	1.985	1.031	0.407
11	1999	0	720	0.072	1.97	0.992	0.411
12	1999	0	744	-0.113	1.976	0.973	0.419
1	2000	0	744	0.233	2.21	1.077	0.409
2	2000	0	696	0.008	1.854	0.888	0.407
3	2000	0	744	0.212	1.858	1.02	0.396
4	2000	0	720	0.381	1.94	1.103	0.386
5	2000	0	744	0.351	2.068	1.108	0.398
6	2000	0	720	0.211	2.224	1.01	0.421
7	2000	0	744	0.063	2.24	1.059	0.427
8	2000	0	744	0.076	2.107	0.997	0.424
9	2000	0	720	0.054	1.811	1.014	0.409
10	2000	0	744	0.288	1.861	1.026	0.397
11	2000	0	720	0.036	1.831	0.937	0.406
12	2000	25	719	0.259	2.166	1.12	0.405
1	2001	0	744	0.052	2.108	1.051	0.412
2	2001	0	672	0.035	2.032	1.011	0.408
3	2001	0	744	0.331	2.115	1.148	0.393
4	2001	0	720	0.336	1.993	1.157	0.4
5	2001	0	744	0.344	2.166	1.169	0.404
6	2001	0	720	0.216	2.052	1.045	0.412
7	2001	0	744	0.105	2.165	1.049	0.423
8	2001	0	744	0.273	2.235	1.124	0.406
9	2001	0	720	0.026	1.942	0.999	0.403
10	2001	0	744	0.264	2.039	1.111	0.401
11	2001	0	720	0.165	1.991	1.022	0.407
12	2001	0	744	0.278	2.201	1.079	0.414
1	2002	0	744	0.04	2.193	1.068	0.438
2	2002	0	672	0.085	2.073	1.07	0.4
3	2002	0	744	0.163	2.049	1.044	0.412
4	2002	0	720	0.223	1.924	1.022	0.398
5	2002	0	744	0.217	1.943	1.067	0.398
6	2002	0	720	0.309	2.145	1.083	0.398
7	2002	0	744	0.178	2.026	0.989	0.401
8	2002	0	744	0.09	1.97	0.943	0.411
9	2002	0	720	0.085	2.016	0.999	0.415
10	2002	0	744	-0.008	1.909	0.945	0.416
11	2002	0	720	0.068	1.941	0.93	0.422
12	2002	0	744	0.162	2.02	0.989	0.422
1	2003	0	744	0.082	1.916	0.965	0.411
2	2003	0	672	0.089	1.948	0.944	0.405
3	2003	0	744	0.037	1.917	0.985	0.407
4	2003	0	720	0.164	2.039	1.022	0.397
5	2003	0	744	0.131	2.069	1.056	0.394
6	2003	0	720	0.365	2.212	1.126	0.402
7	2003	0	744	0.125	1.971	0.975	0.414
8	2003	0	744	0.12	1.933	1.01	0.414
9	2003	0	720	0.189	1.928	1.039	0.421
10	2003	0	744	0.17	2.08	0.982	0.414
11	2003	0	720	0.109	2.079	0.907	0.413
12	2003	0	744	0.138	2.08	0.966	0.404
1	2004	0	744	0.09	1.933	0.994	0.397
2	2004	0	696	0.162	2.002	1.019	0.401
3	2004	0	744	0.275	1.888	1.009	0.382
4	2004	0	720	0.194	1.768	0.971	0.395
5	2004	0	744	0.213	2.058	1.103	0.401
6	2004	0	720	0.137	2.111	1.012	0.412
7	2004	0	744	0.067	1.995	0.925	0.423
8	2004	0	744	0.085	2.001	0.986	0.418
9	2004	0	720	0.13	1.778	0.91	0.407
10	2004	0	744	0.144	1.833	0.953	0.401
11	2004	0	720	0.191	2.035	0.964	0.407
12	2004	0	744	0.144	2.073	0.995	0.406
1	2005	0	744	-0.011	1.962	0.95	0.409
2	2005	0	672	0.188	2.087	1.013	0.401
3	2005	0	744	0.179	1.968	1.036	0.401
4	2005	0	720	0.161	1.796	0.92	0.395
5	2005	0	744	0.221	2.018	1.045	0.399
6	2005	0	720	0.124	2.119	1.028	0.414
7	2005	0	744	-0.012	1.966	1.026	0.407
8	2005	0	744	0.035	2.037	0.91	0.408
9	2005	0	720	0.072	2.009	0.968	0.407
10	2005	0	744	0.105	1.909	0.971	0.409
11	2005	56	664	0.241	1.999	0.999	0.409
12	2005	102	642	0.205	2.056	1.132	0.413
1	2006	0	744	0.135	2.134	1.001	0.424
2	2006	41	631	0.201	2.109	1.024	0.385
3	2006	0	744	0.113	1.93	1.004	0.412
4	2006	0	720	0.417	2.116	1.202	0.396
5	2006	0	744	0.282	2.039	1.08	0.403
6	2006	0	720	0.215	2.002	1.023	0.407
7	2006	0	744	0.173	2.049	0.971	0.407
8	2006	0	744	0.112	2.03	0.977	0.404
9	2006	0	720	0.223	2.198	0.981	0.412
10	2006	0	744	0.043	1.974	0.976	0.409
11	2006	0	720	0.129	2.072	0.995	0.417
12	2006	0	744	0.025	1.913	0.898	0.421
1	2007	0	744	0.015	1.866	0.953	0.42
2	2007	0	672	0.004	1.816	0.911	0.404
3	2007	0	744	0.189	1.961	1.059	0.403
4	2007	0	720	0.176	1.98	1.026	0.401
5	2007	0	744	0.184	2.019	1.052	0.399
6	2007	0	720	0.399	2.255	1.216	0.398
7	2007	39	705	0.277	2.085	1.094	0.406
8	2007	0	744	0.065	1.972	0.992	0.42
9	2007	0	720	0.148	1.91	0.98	0.41
10	2007	28	716	0.136	2.029	1.019	0.415
11	2007	0	720	0.14	2.078	0.936	0.412
12	2007	0	744	0.134	2.107	1.046	0.399
1	2008	0	744	0.217	2.135	1.054	0.399
2	2008	0	696	0.269	2.019	1.104	0.394
3	2008	0	744	0.25	1.828	1.013	0.383
4	2008	0	720	0.264	1.979	1.08	0.393
5	2008	0	744	0.294	2.141	1.056	0.397
6	2008	0	720	0.149	2.173	1.083	0.409
7	2008	0	744	0.176	2.108	1.049	0.418
8	2008	0	744	0.089	2.023	0.981	0.418
9	2008	0	720	0.141	1.854	0.995	0.403
10	2008	0	744	0.103	1.811	0.932	0.403
11	2008	0	720	0.068	1.998	0.992	0.413
12	2008	0	744	0.155	2.211	1.056	0.409
1	2009	0	744	-0.022	2.043	0.989	0.412
2	2009	28	644	0.03	2.049	0.988	0.406
3	2009	0	744	0.132	1.933	0.988	0.399
4	2009	9	711	0.311	2.058	1.043	0.394
5	2009	0	744	0.149	1.967	1.081	0.4
6	2009	0	720	0.212	2.114	1.092	0.404
7	2009	23	721	0.166	2.157	1.075	0.408
8	2009	0	744	0.061	2.075	0.997	0.407
9	2009	0	720	0.11	1.909	0.987	0.406
10	2009	0	744	0.163	1.887	0.957	0.41
11	2009	24	696	0.171	1.928	0.975	0.415
12	2009	50	694	0.05	1.955	0.967	0.419
1	2010	0	744	-0.016	2.043	0.986	0.423
2	2010	0	672	-0.077	2.031	0.943	0.405
3	2010	0	744	0.123	1.934	0.928	0.417
4	2010	0	720	0.254	1.96	0.989	0.398
5	2010	0	744	0.27	2.173	1.133	0.401
6	2010	0	720	0.302	2.126	1.126	0.4
7	2010	0	744	0.057	2.067	1.016	0.404
8	2010	0	744	0.134	2.096	1.075	0.403
9	2010	0	720	-0.009	1.918	1.012	0.416
10	2010	0	744	0.048	1.882	0.942	0.416
11	2010	0	720	0.144	1.96	0.972	0.414
12	2010	0	744	0.139	2.005	1.023	0.414
1	2011	21	723	0.081	2.027	0.989	0.412
2	2011	25	647	0.143	2.054	1.037	0.411
3	2011	0	744	0.16	1.922	1.013	0.398
4	2011	0	720	0.332	2.044	1.102	0.388
5	2011	0	744	0.195	2.023	1.166	0.401
6	2011	22	698	0.369	2.129	1.181	0.395
7	2011	0	744	0.221	2.037	1.097	0.416
8	2011	0	744	0.127	2.077	1.007	0.43
9	2011	0	720	0.137	1.982	0.992	0.414
10	2011	0	744	0.061	1.997	0.989	0.416
11	2011	12	708	0.228	2.127	1.029	0.405
12	2011	0	744	0.187	2.019	1.036	0.402
1	2012	23	721	0.178	1.978	0.989	0.408
2	2012	0	696	0.28	2.035	1.043	0.404
3	2012	0	744	0.374	2.065	1.09	0.387
4	2012	0	720	0.202	2.072	1.122	0.4
5	2012	0	744	0.245	2.115	1.114	0.406
6	2012	0	720	0.367	2.306	1.091	0.416
7	2012	0	744	0.235	2.075	1.039	0.42
8	2012	0	744	0.218	1.991	1.041	0.421
9	2012	0	720	0.131	1.821	0.998	0.413
10	2012	0	744	0.107	1.918	0.99	0.413
11	2012	0	720	0.105	2.017	0.966	0.412
12	2012	0	744	0.06	2.027	1.028	0.418
1	2013	0	744	0.151	2.071	1.034	0.414
2	2013	0	672	0.115	1.906	1.026	0.413
3	2013	0	744	0.32	2.158	1.145	0.401
4	2013	0	720	0.423	2.194	1.205	0.412
5	2013	0	744	0.256	2.118	1.16	0.414
6	2013	0	720	0.241	2.194	1.185	0.408
7	2013	0	744	0.167	2.101	1.067	0.408
8	2013	0	744	0.241	2.041	1.078	0.401
9	2013	0	720	0.182	1.856	1.032	0.413
10	2013	0	744	0.347	1.975	1.115	0.403
11	2013	0	720	0.256	2.017	1.051	0.405
12	2013	0	744	0.216	2.135	1.062	0.416
1	2014	0	744	0.027	2.218	0.991	0.436
2	2014	0	672	0.01	1.903	1	0.412
3	2014	0	744	0.081	1.822	0.968	0.415
4	2014	0	720	0.252	1.952	1.055	0.398
5	2014	0	744	0.214	1.971	1.118	0.4
6	2014	0	720	0.357	2.229	1.166	0.405
7	2014	0	744	0.237	2.147	1.1	0.412
8	2014	0	744	0.082	2.022	0.999	0.411
9	2014	0	720	0.045	1.924	1.048	0.409
10	2014	0	744	0.238	1.926	1.008	0.416
11	2014	0	720	0.218	2.039	1.029	0.415
12	2014	0	744	0.209	1.993	1.04	0.42
1	2015	0	744	0.046	2.082	1.031	0.422
2	2015	0	672	-0.037	1.945	0.993	0.419
3	2015	0	744	0.19	1.953	1.098	0.403
4	2015	0	720	0.236	2.281	1.152	0.41
5	2015	0	744	0.372	2.051	1.202	0.406
6	2015	0	720	0.271	2.059	1.091	0.403
7	2015	0	744	0.229	2.008	1.009	0.421
8	2015	0	744	0.116	2.029	0.986	0.429
9	2015	0	720	0.163	1.893	1.019	0.42
10	2015	0	744	0.078	1.902	0.945	0.418
11	2015	0	720	0.159	2.051	0.983	0.416
12	2015	10	734	0.143	1.958	0.992	0.417
1	2016	0	744	0.277	1.955	1.049	0.393
2	2016	0	696	0.16	1.959	1.046	0.413
3	2016	0	744	0.184	1.908	1.048	0.4
4	2016	0	720	0.304	2.132	1.055	0.412
5	2016	0	744	0.292	2.097	1.168	0.41
6	2016	0	720	0.329	2.201	1.137	0.416
7	2016	0	744	0.339	2.171	1.126	0.414
8	2016	0	744	0.189	2.11	1.062	0.413
9	2016	0	720	0.188	1.912	1.082	0.404
10	2016	0	744	0.3	2.047	1.122	0.406
11	2016	0	720	0.096	2.061	1.095	0.418
12	2016	0	744	0.088	2.14	1.035	0.418
1	2017	0	744	0.224	2.154	1.076	0.418
2	2017	0	672	0.218	2.099	1.107	0.409
3	2017	26	718	0.23	2.033	1.048	0.413
4	2017	0	720	0.353	2.152	1.112	0.404
5	2017	0	744	0.355	2.193	1.126	0.403
6	2017	0	720	0.28	2.256	1.087	0.403
7	2017	0	744	0.108	2.085	1.059	0.401
8	2017	0	744	0.265	2.127	1.118	0.399
9	2017	0	720	0.205	1.907	1.068	0.406
10	2017	0	744	0.118	1.859	0.994	0.417
11	2017	0	720	0.175	2.082	0.962	0.43
12	2017	0	744	0.158	2.29	1.062	0.435
1	2018	0	744	0.177	2.27	1.052	0.433
2	2018	0	672	0.214	2.112	1.044	0.405
3	2018	0	744	0.188	1.996	1.058	0.406
4	2018	0	720	0.352	1.956	1.054	0.397
5	2018	0	744	0.158	2.027	1.08	0.414
6	2018	0	720	0.142	2.083	1.104	0.412
7	2018	0	744	0.178	2.185	1.097	0.414
8	2018	0	744	0.093	2.085	1	0.414
9	2018	0	720	-0.005	1.927	0.91	0.41
10	2018	0	744	0.144	1.874	0.921	0.416
11	2018	0	720	0.282	2.166	1.021	0.425
12	2018	0	744	-0.01	2.002	0.966	0.425
1	2019	0	744	0.032	2.065	0.976	0.414
2	2019	0	672	0.122	2.105	1.024	0.413
3	2019	0	744	0.152	1.977	1.072	0.399
4	2019	0	720	0.105	1.813	1.048	0.398
5	2019	0	744	0.293	1.971	1.112	0.407
6	2019	0	720	0.343	2.207	1.106	0.406
7	2019	0	744	0.155	2.048	1.07	0.421
8	2019	0	744	0.057	2.073	1.03	0.432
9	2019	0	720	0.08	2.006	1.005	0.428
10	2019	0	744	0.168	1.903	1.004	0.417
11	2019	0	720	0.192	1.957	1.026	0.414
12	2019	0	744	0.116	1.971	1.013	0.419
1	2020	0	744	0.093	2.045	1.021	0.409
2	2020	0	696	0.107	2.016	1.043	0.401
3	2020	0	744	0.046	1.894	1.012	0.391
4	2020	0	720	0.29	2.07	1.099	0.401
5	2020	0	744	0.264	2.16	1.126	0.419
6	2020	0	720	0.313	2.048	1.084	0.406
7	2020	0	744	0.261	1.96	1.094	0.411
8	2020	0	744	0.281	2.085	1.059	0.402
9	2020	0	720	0.106	1.919	0.986	0.406
10	2020	0	744	0.008	1.887	0.967	0.408
11	2020	0	720	0.181	2.031	1.032	0.401
12	2020	0	744	0.102	1.984	1.038	0.41
